grad =

  -5.00000
   0.00000
   0.00000
  -0.00000
   0.00000
   0.00002
  -0.00071
  -0.00090
  -0.00037
  -0.00011
  -0.00014
  -0.00004
   0.00003
   0.00008
   0.00017
   0.00019
   0.00011
   0.00003
   0.00000
  -0.00000
   0.00000
  -0.00000
   0.00000
   0.00000
   0.00005
   0.00009
  -0.00114
  -0.00405
  -0.00566
  -0.00438
  -0.00123
   0.00106
   0.00168
   0.00183
   0.00141
   0.00101
   0.00062
   0.00029
   0.00017
   0.00005
   0.00002
   0.00000
  -0.00003
   0.00006
  -0.00027
  -0.00219
  -0.01117
  -0.02419
  -0.03130
  -0.02352
  -0.01049
  -0.00458
  -0.00221
  -0.00726
  -0.01982
  -0.02483
  -0.01342
  -0.00368
  -0.00083
   0.00012
  -0.00009
   0.00001
  -0.00005
  -0.00032
  -0.00437
  -0.01561
  -0.05517
  -0.10226
  -0.13095
  -0.13560
  -0.14499
  -0.18312
  -0.22388
  -0.26653
  -0.28821
  -0.26148
  -0.16847
  -0.06610
  -0.01549
  -0.00477
  -0.00116
   0.00001
   0.00010
  -0.00159
  -0.01386
  -0.05314
  -0.14928
  -0.28473
  -0.38860
  -0.47140
  -0.58073
  -0.69641
  -0.75680
  -0.76980
  -0.79423
  -0.77998
  -0.59139
  -0.28384
  -0.07687
  -0.02758
  -0.00636
  -0.00017
  -0.00056
  -0.00404
  -0.03990
  -0.14997
  -0.40432
  -0.73680
  -0.98829
  -1.19209
  -1.37749
  -1.42635
  -1.33380
  -1.23710
  -1.24573
  -1.32431
  -1.20674
  -0.73902
  -0.26712
  -0.09789
  -0.01775
  -0.00035
  -0.00258
  -0.01315
  -0.09910
  -0.36174
  -0.89121
  -1.43979
  -1.83400
  -2.03530
  -2.09106
  -1.94876
  -1.70584
  -1.47969
  -1.42197
  -1.59396
  -1.70113
  -1.32199
  -0.57102
  -0.18737
  -0.02777
  -0.00002
  -0.00461
  -0.03342
  -0.23486
  -0.76181
  -1.59178
  -2.29905
  -2.57121
  -2.43752
  -2.23369
  -2.01876
  -1.80614
  -1.53007
  -1.42071
  -1.68185
  -2.09958
  -1.93377
  -0.92004
  -0.25834
  -0.03576
   0.00007
  -0.00451
  -0.06607
  -0.46205
  -1.27970
  -2.29298
  -2.82056
  -2.54657
  -2.06471
  -1.88492
  -1.91108
  -1.84049
  -1.48741
  -1.34270
  -1.78538
  -2.43530
  -2.34021
  -1.11855
  -0.26434
  -0.03914
   0.00068
  -0.00774
  -0.12186
  -0.75470
  -1.83235
  -2.78988
  -2.74379
  -1.93846
  -1.44960
  -1.57818
  -1.97151
  -1.94220
  -1.55976
  -1.55129
  -2.12740
  -2.68684
  -2.38248
  -1.11127
  -0.25492
  -0.04151
   0.00197
  -0.01906
  -0.20446
  -1.06272
  -2.30783
  -2.93581
  -2.31624
  -1.35383
  -1.13177
  -1.65297
  -2.24113
  -2.23591
  -2.01171
  -2.06963
  -2.48159
  -2.67620
  -2.06629
  -0.92872
  -0.23627
  -0.03878
   0.00316
  -0.03482
  -0.27504
  -1.21621
  -2.42196
  -2.83889
  -2.10857
  -1.38569
  -1.48048
  -2.16226
  -2.63135
  -2.54432
  -2.32800
  -2.33124
  -2.52237
  -2.33883
  -1.56454
  -0.67367
  -0.19019
  -0.02838
   0.00410
  -0.04208
  -0.27513
  -1.13091
  -2.17738
  -2.65227
  -2.26904
  -1.90192
  -2.09249
  -2.48995
  -2.58868
  -2.40483
  -2.22717
  -2.25015
  -2.20868
  -1.72189
  -0.99703
  -0.40984
  -0.12713
  -0.01706
   0.00314
  -0.03034
  -0.19263
  -0.83158
  -1.69926
  -2.30632
  -2.35531
  -2.22170
  -2.21056
  -2.12957
  -1.95520
  -1.85965
  -1.84542
  -1.81571
  -1.56097
  -1.04233
  -0.54027
  -0.21523
  -0.06368
  -0.00656
   0.00116
  -0.01379
  -0.09696
  -0.50526
  -1.13694
  -1.75436
  -2.02203
  -1.98265
  -1.77568
  -1.53252
  -1.41102
  -1.40738
  -1.38029
  -1.20248
  -0.90154
  -0.52449
  -0.25054
  -0.11180
  -0.03725
  -0.00300
   0.00014
  -0.00323
  -0.03117
  -0.24168
  -0.62377
  -1.04571
  -1.28992
  -1.25461
  -1.09388
  -1.00255
  -0.97113
  -0.92878
  -0.81705
  -0.62495
  -0.39935
  -0.19521
  -0.09231
  -0.04845
  -0.01920
  -0.00267
  -0.00001
   0.00039
  -0.00880
  -0.10885
  -0.30977
  -0.51558
  -0.60280
  -0.57192
  -0.53562
  -0.54756
  -0.54190
  -0.48740
  -0.37818
  -0.24960
  -0.13961
  -0.06354
  -0.02841
  -0.01426
  -0.00556
  -0.00096
   0.00001
   0.00031
  -0.00083
  -0.03275
  -0.11342
  -0.18252
  -0.17024
  -0.11720
  -0.12042
  -0.14886
  -0.15379
  -0.13510
  -0.09992
  -0.05448
  -0.02844
  -0.01461
  -0.00434
  -0.00094
  -0.00052
   0.00006
  -0.00000
   0.00000
   0.00046
  -0.00199
  -0.01991
  -0.03950
  -0.02382
  -0.00246
   0.00153
   0.00067
  -0.00100
  -0.00129
  -0.00270
  -0.00093
  -0.00098
  -0.00199
  -0.00052
   0.00026
   0.00007
   0.00001
   0.00000
  -0.00000
   0.00002
   0.00005
  -0.00198
  -0.00297
  -0.00057
   0.00015
  -0.00076
   0.00017
   0.00059
   0.00018
  -0.00013
   0.00014
  -0.00019
  -0.00046
  -0.00012
   0.00001
   0.00000
   0.00000

